trial_id: 74
iteration: 74
source: bo
feasible: true
constraint_penalty: 0.0
objectives:
  nir_reflectance: 0.05423836273831015
  mir_emissivity: 0.30732967309448095
  stabilization: 0.03335135349269305
  fabrication_penalty: 0.0
params:
  grating_period_nm: 1426.8566549745353
  duty_cycle: 0.4451669077701053
  curvature: -0.2
  asymmetry: -0.2
  ring_width_um: 2.0
